# Frame list with one line of data per frame:
#   FRAME_ID, RIG_ID, RIG_FROM_WORLD[QW, QX, QY, QZ, TX, TY, TZ], NUM_DATA_IDS, DATA_IDS[] as (SENSOR_TYPE, SENSOR_ID, DATA_ID)
# Number of frames: 9
1 1 0.62340886171458187 -0.044722965604512589 -0.58327987831641404 -0.51879266671229685 1.7942602051071335 -2.4673360173886709 3.1083331815251873 1 CAMERA 1 1
2 1 0.64245520913929965 -0.0419562166572423 -0.54939864665713012 -0.53258999914089933 1.548925972237863 -2.3524574454222931 1.7496892828110309 1 CAMERA 1 2
3 1 0.62755371464746179 -0.038582420460104142 -0.57407460161150459 -0.52452462654121812 1.8969262255482895 -2.7138215430826982 3.1301322755705008 1 CAMERA 1 3
5 1 0.62671663804616562 -0.035664263274878476 -0.57635996535091527 -0.52322414533530803 1.9616027188246674 -2.6645694618221398 3.0011198497012743 1 CAMERA 1 5
6 1 0.99913251233849698 0.0075428576005755763 0.031927897382345707 0.025650291540700896 -1.0946418006970637 -1.9392860703114696 1.9291105495424041 1 CAMERA 1 6
7 1 0.99854465574288254 -0.0021922837060353042 0.03846577877328114 0.037737888690881786 -1.9406617240044912 -1.9751179838355728 2.2340957117279974 1 CAMERA 1 7
8 1 0.99843684751226425 0.011531336934999055 0.051133117035738786 0.019398302515241481 -0.85287965928229048 -1.9574781641244192 2.0130238404673313 1 CAMERA 1 8
9 1 0.92972560888477407 0.061512505573402987 0.2873765581865228 0.22190362242826583 -3.0545492521692177 -2.3617016101976875 2.6603335981276057 1 CAMERA 1 9
10 1 0.9635877335209253 0.071612941489407347 0.22199811345013976 0.13071765008528863 -2.5291768087829554 -1.8883808819815802 2.6976866453577641 1 CAMERA 1 10
